"V1","V2","V3","V4","V5","V6","V7","V8","V9","V10"
1,-0.003035829,0.01002627,-0.010693011,-0.005020245,0.008490954,0.970062043,-0.001343386,-0.001209382,-0.009015412
-0.003035829,1,0.008572055,0.007258718,-0.009422702,0.01257537,-0.00911708,-0.01473604,0.970108941,0.971348946
0.01002627,0.008572055,1,-0.000633903,0.001777455,0.970485047,0.006205079,0.001853505,0.012437239,0.007698212
-0.010693011,0.007258718,-0.000633903,1,0.0057095,0.000872861,-0.011512172,0.000442908,0.012052964,0.00921009
-0.005020245,-0.009422702,0.001777455,0.0057095,1,0.005418538,-0.009347204,0.969998023,-0.005945165,-0.007625721
0.008490954,0.01257537,0.970485047,0.000872861,0.005418538,1,0.004159261,0.005404237,0.01606391,0.010827955
0.970062043,-0.00911708,0.006205079,-0.011512172,-0.009347204,0.004159261,1,-0.006334331,-0.007592568,-0.01520154
-0.001343386,-0.01473604,0.001853505,0.000442908,0.969998023,0.005404237,-0.006334331,1,-0.011072068,-0.01275961
-0.001209382,0.970108941,0.012437239,0.012052964,-0.005945165,0.01606391,-0.007592568,-0.011072068,1,0.9426673
-0.009015412,0.971348946,0.007698212,0.00921009,-0.007625721,0.010827955,-0.01520154,-0.01275961,0.9426673,1
